2000 [2, 35, 8, 30, 19, 12]
2000 [25, 21, 16, 1, 32, 39]
2307 [14, 37, 44, 5, 29, 28]
2307 [17, 6, 27, 11, 30, 39]
2314 [23, 2, 20, 45, 25, 13]
2307 [25, 40, 37, 42, 1, 10]
2306 [17, 11, 42, 39, 21, 31]
2306 [43, 13, 38, 23, 32, 9]
2511 [13, 5, 35, 30, 16, 21]
2511 [25, 37, 35, 19, 7, 23]
2301 [5, 28, 26, 44, 29, 41]
2301 [25, 6, 39, 31, 21, 35]
2000 [15, 9, 22, 36, 25, 10]
2303 [4, 2, 15, 26, 5, 30]
2000 [14, 37, 9, 12, 20, 17]
2306 [38, 41, 24, 15, 43, 19]
2000 [31, 35, 26, 33, 4, 18]
2306 [8, 32, 36, 14, 20, 26]
2310 [9, 1, 30, 12, 14, 42]
2306 [26, 32, 20, 13, 40, 9]
2310 [32, 39, 11, 30, 26, 45]
2306 [13, 29, 37, 43, 26, 16]
2314 [27, 37, 8, 43, 15, 26]
2339 [21, 25, 36, 43, 16, 3]
2306 [2, 26, 7, 39, 1, 22]
2306 [4, 29, 20, 1, 11, 44]
2310 [33, 10, 20, 28, 27, 8]
2303 [45, 9, 42, 5, 39, 26]
